185.1 125.72 -32.25 33.290302554435755 
191.96 117.54 -32.25 31.646711069908577 
89.68600000000002 125.05 -32.25 33.203065940208944 
65.307 124.29 -32.25 30.827713890053133 
205.38 124.22 -27.25 22.92249836715723 
205.39 118.27 -27.25 23.173988168749815 
205.49 112.78 -27.25 23.37445449945153 
205.22000000000003 105.75 -27.25 23.516138061565414 
205.02 100.20000000000002 -27.25 23.54547000418131 
50.762 125.15 -27.25 23.184296490303268 
50.563 119.34 -27.25 23.370281513422015 
51.213 112.77 -27.25 23.58351011323316 
50.952 106.35 -27.25 23.68769956384881 
50.338 100.33 -27.25 23.644518103216114 
50.843 93.719 -27.25 23.54445024774077 
55.537000000000006 86.826 -27.25 23.474323640029922 
39.758 125.61 -27.25 22.480103870130904 
